10000
10001
10003
10005
10009
10010
10015
10016
10021
10040
10042
10043
10044
10049
10051
10054
10056
10057
10059
10060
10069
10072
10074
10077
10082
10083
10085
10088
10093
10096
10097
10098
10100
10101
10108
10109
10111
10117
10128
10138
10140
10148
10150
10153
10157
10160
10163
10164
10171
10176
10179
10183
10186
10187
10192
10194
10195
10197
10202
10205
10208
10210
10212
10217
10218
10224
10226
10233
10234
10237
10240
10246
10251
10254
10258
10260
10264
10269
10273
10282
10285
10286
10290
10293
10306
10311
10314
10315
10320
10324
10325
10329
10335
10340
10342
10343
10346
10351
10357
10360
10366
10369
10370
10374
10379
10381
10384
10388
10392
10397
10401
10403
10409
10414
10422
10428
10429
10436
10441
10446
10447
10463
10464
10466
10487
10490
10491
10492
10496
10497
10509
10511
10512
10513
10515
10519
10529
10530
10531
10536
10541
10549
10551
10559
10570
10573
10581
10588
10593
10600
10601
10602
10606
10609
10613
10617
10622
10639
10640
10643
10648
10649
10652
10658
10666
10667
10670
10674
10677
10681
10683
10691
10694
10695
10700
10704
10706
10710
10711
10713
10714
10715
10717
10723
10726
10729
10731
10734
10741
10742
10746
10747
10749
10752
10756
10760
10761
10770
10773
10777
10778
10782
10788
10794
10795
10797
10802
10816
10821
10823
10833
10845
10846
10848
10849
10850
10852
10853
10858
10861
10862
10864
10867
10873
10876
10877
10879
10886
10892
10895
10902
10904
10907
10909
10912
10916
10917
10920
10922
10924
10926
10928
10933
10936
10937
10941
10947
10949
10952
10958
10961
10963
10972
10983
10986
10987
10993
10994
11004
11006
11007
11009
11010
11016
11021
11022
11027
11030
11038
11042
11043
11048
11049
11051
11052
11055
11058
11060
11062
11065
11066
11067
11074
11078
11079
11082
11084
11090
11093
11094
11098
11099
11100
11108
11110
11111
11113
11119
11120
11122
11124
11126
11127
11128
11132
11133
11139
11142
11145
11146
11147
11157
11159
11160
11161
11163
11167
11170
11175
11181
11188
11189
11193
11196
11197
11198
11199
11205
11221
11223
11236
11238
11243
11244
11250
11253
11261
11265
11266
11270
11273
11275
11277
11279
11282
11283
11284
11288
11291
11296
11299
11300
11305
11308
11311
11313
11314
11316
11318
11319
11321
11322
11325
11329
11331
11333
11334
11337
11338
11339
11343
11346
11350
11356
11360
11365
11366
11367
11369
11377
11382
11384
11387
11388
11389
11390
11399
11400
11414
11421
11422
11425
11428
11432
11433
11434
11435
11439
11440
11443
11445
11447
11449
11450
11455
11462
11463
11467
11473
11478
11482
11484
11500
11502
11506
11514
11516
11518
11519
11522
11525
11527
11528
11530
11531
11536
11537
11541
11544
11552
11558
11560
11562
11564
11571
11583
11587
11593
11597
11603
11613
11631
11636
11643
11644
11645
11650
11651
11660
11666
1167
11674
11679
11684
11686
11687
11689
11691
11693
11697
11698
11699
11701
11703
11705
11707
11709
11710
11711
11712
11715
11725
11727
11730
11731
11734
11739
11742
11749
11757
11759
11760
11764
11765
11770
11771
11779
11781
11786
11793
11794
11795
11800
11801
11803
11805
11807
11808
11810
11811
11812
11816
11829
11831
11833
11834
11837
11839
11840
11842
11843
11845
11852
11856
11858
11859
11873
11884
11888
11891
11893
11895
11896
11898
11900
11905
11906
11909
11914
11915
11917
11927
11930
11933
11939
11942
11946
11949
11950
11952
11954
11958
11961
11962
11964
11966
11968
11972
11974
11975
11980
11984
11986
11989
11991
11993
11994
11996
11998
12006
12012
12013
12022
12026
12027
12030
12032
12033
12034
12036
12043
12044
12046
12048
12059
12064
12065
12067
12073
12075
12079
12080
12082
12083
12084
12088
12094
12098
12100
12101
12110
12112
12113
12120
12123
12126
12131
12135
12142
12149
12151
12156
12158
12160
12161
12167
12169
12178
12180
12181
12184
12191
1530
1532
1587
1636
1648
1691
1886
1908
1961
2000
2051
2212
2226
3855
3867
3872
3874
3878
3888
3891
3896
3898
3911
3916
3926
3930
3932
3978
4006
4021
4031
4033
4037
4051
4065
4082
4083
4093
4098
4123
4130
4136
4142
4146
4157
4160
4166
4175
4176
4185
4187
4192
4203
4204
4208
4209
4217
4219
4239
4245
4269
4277
4291
4293
4301
4334
4336
4351
4352
4356
4359
4366
4367
4369
4372
4383
4384
4386
4390
4398
4406
4412
4415
4416
4418
4424
4426
4430
4433
4435
4437
4438
4451
4453
4460
4464
4477
4479
4484
4489
4492
4507
4508
4511
4519
4529
4532
4554
4572
4573
4586
4594
4606
4621
4642
4649
4656
4658
4659
4661
4668
4671
4675
4677
4703
4704
4708
4711
4725
4728
4730
4736
4741
4743
4744
4759
4768
4778
4782
4788
4795
4809
4813
4818
4819
4831
4841
4847
4865
4871
4876
4877
4879
4885
4889
4893
4897
4903
4914
4917
4927
4930
4936
4941
4946
4950
4958
4959
4961
4968
4979
4985
4987
4988
4995
5001
5007
5008
5012
5020
5025
5042
5046
5052
5062
5063
5064
5070
5076
5078
5080
5086
5088
5092
5100
5105
5106
5107
5110
5117
5118
5120
5129
5131
5132
5149
5150
5153
5158
5162
5166
5172
5175
5176
5177
5180
5187
5189
5190
5191
5197
5203
5204
5209
5213
5216
5219
5221
5222
5226
5243
5250
5251
5252
5256
5259
5265
5271
5278
5280
5282
5294
5296
5304
5306
5315
5323
5326
5327
5330
5339
5340
5358
5366
5374
5378
5381
5386
5389
5390
5395
5399
5405
5413
5416
5419
5429
5430
5438
5445
5447
5455
5461
5471
5472
5473
5483
5486
5487
5490
5491
5495
5497
5498
5501
5503
5505
5507
5508
5512
5513
5518
5522
5528
5529
5530
5531
5548
5551
5556
5560
5563
5569
5571
5575
5576
5577
5581
5587
5588
5591
5599
5601
5610
5616
5624
5628
5636
5649
5650
5652
5655
5656
5657
5666
5667
5671
5673
5678
5679
5687
5689
5693
5696
5702
5706
5710
5713
5717
5722
5723
5725
5734
5736
5741
5742
5744
5754
5757
5764
5765
5768
5774
5777
5783
5788
5791
5802
5804
5805
5807
5808
5809
5822
5823
5828
5836
5841
5842
5845
5854
5855
5856
5858
5865
5866
5868
5871
5878
5890
5895
5904
5907
5912
5913
5930
5931
5944
5959
5964
5971
5975
5984
5994
6004
6005
6007
6026
6030
6043
6045
6053
6060
6062
6064
6071
6077
6079
6087
6089
6097
6103
6106
6133
6140
6145
6150
6155
6160
6167
6170
6178
6179
6180
6181
6188
6191
6193
6202
6214
6220
6227
6228
6235
6241
6243
6266
6267
6275
628
6288
6298
6308
6310
6323
6325
6326
6347
6356
6363
6366
6373
6374
6377
6378
6380
6393
6412
6416
6418
6428
6437
6447
647
6470
6478
6479
6483
6487
6489
6493
6509
6517
6522
6531
6534
6535
6536
6542
6546
6549
6551
6552
6555
6571
6589
6601
6604
6610
6625
6628
6636
6641
6644
6651
6656
6658
6659
6669
6670
6672
6674
6681
6686
6690
6694
6697
6700
6707
6715
6718
6730
6731
6732
6735
6744
6747
6754
6774
6791
6794
6798
6801
6807
6817
6822
6827
6840
6842
6843
6844
6851
6856
6858
6864
6865
6866
6871
6872
6877
6878
6886
6889
6893
6895
6898
6902
6906
6907
6908
6922
6931
6939
6940
6943
6944
6951
6957
6958
6961
6963
6981
6989
6993
6998
7007
7008
7016
7040
7041
7043
7053
7055
7066
7080
7084
7087
7094
7099
7100
7101
711
7110
7114
7120
7123
7129
7134
7137
7139
7144
7146
7150
7151
7158
7167
7173
7181
7202
7205
7209
7214
7227
7230
7236
7241
7242
7243
7245
7252
7260
7265
7266
7269
7276
7277
7283
7290
7299
7300
7306
7308
7311
7313
7325
7326
7335
7337
7343
7354
7361
7371
7372
7375
7376
7377
7382
7384
7385
7395
7396
7409
7416
7428
7433
7439
7440
7441
7445
7470
7476
7479
7525
7529
7532
7536
7539
7540
7542
7554
7560
7564
757
7571
7574
7577
7579
7580
7582
7584
7593
7596
7597
7608
7617
7625
7647
7652
7660
7665
7687
7689
7693
7700
7706
7709
7712
7714
7715
7731
7733
7740
7742
7748
7752
7768
7771
7775
7777
7802
7809
7810
7819
7834
7847
7855
7857
7858
7860
7866
7870
7871
7872
7879
7881
7884
7892
7893
7894
7895
7907
7909
7923
7924
7926
7932
7933
7934
7936
7944
7950
7953
7958
7965
7971
7974
7977
7985
7987
7991
8000
8001
8005
8008
8012
8015
8025
8031
8037
8042
8043
8047
8049
8065
8067
8074
8077
8081
8085
8086
8088
8091
8098
8101
8102
8108
8110
8111
8112
8123
8124
8127
8130
8135
8145
8147
8159
8169
8189
8192
8203
8207
8209
8215
8218
8222
8223
8227
8233
8235
8239
8255
8262
8267
8268
8269
8272
8286
8287
8293
8320
8338
8347
8350
8352
8356
8360
8370
8372
8376
8379
8384
8390
8392
8398
8405
8408
8409
8430
8431
8452
8465
8467
8468
8469
8491
8492
8493
8498
8501
8522
8523
8537
8541
8560
8583
8587
8589
8594
8598
8600
8609
8627
8633
8636
8642
8647
8652
8654
8659
8661
8683
8689
8692
8697
8699
8700
8704
8705
8710
8713
8714
8716
8717
8718
8721
8723
8725
8726
8727
8732
8743
8751
8753
8762
8765
8767
8772
8775
8778
8781
8782
8785
8789
8799
8802
8806
8808
8811
8820
8823
8826
8833
8834
8835
8842
8857
8860
8861
8867
8870
8871
8874
8881
8882
8894
8902
8903
8909
8911
8916
8917
8918
8923
8925
8929
8937
8945
8950
8958
8961
8966
8970
8973
8974
8975
8983
8984
8991
8992
8999
9005
9008
9010
9020
9030
9043
9044
9047
9069
9072
9075
9078
9085
9088
9098
9100
9117
9118
9119
9125
9130
9136
9142
9146
9149
9154
9156
9159
9164
9165
9172
9174
9176
9177
9180
9191
9192
9197
9198
9203
9205
9206
9222
9226
9229
9230
9231
9232
9240
9244
9245
9254
9255
9259
9277
9278
9282
9290
9299
9300
9309
9313
9318
9328
9338
9341
9353
9356
9362
9364
9368
9371
9373
9383
9384
9386
9400
9408
9420
9429
9442
9443
9451
9453
9455
9460
9464
9466
9471
9472
9474
9479
9500
9502
9503
9504
9508
9509
9512
9515
9520
9528
9539
9541
9559
9561
9567
9576
9577
9588
9589
9591
9592
9596
9602
9605
9609
9622
9632
9637
9638
9646
9647
9648
9650
9657
9662
9666
9668
9671
9675
9676
9677
9680
9682
9683
9684
9686
9692
9693
9694
9695
9698
9701
9703
9704
9707
9709
9712
9721
9727
9729
9732
9733
9734
9735
9736
9741
9742
9745
9747
9762
9765
9772
9775
9777
9786
9788
9791
9798
9805
9813
9823
9841
9846
9847
9850
9852
9856
9860
9862
9863
9868
9870
9871
9880
9881
9884
9888
9889
9890
9892
9895
9898
9899
9903
9911
9915
9917
9920
9929
9932
9934
9941
9945
9948
9949
9957
9958
9967
9970
9972
9981
9987
9988
9991
9995
