1
10
10000
10003
10004
10005
10011
10013
10014
10015
10017
10019
10026
10027
10028
10033
10034
10038
1004
10041
10043
10048
1005
10053
10054
10058
10060
10063
10065
10067
1007
10070
10074
10076
10079
1008
10085
1009
10092
10095
10096
10097
10099
10103
10105
10107
1011
10113
10114
10115
10116
10117
10118
10119
1012
10120
10121
10123
10125
10126
10130
10132
10133
10134
10136
10137
10138
10146
10148
10152
10167
10169
1017
10172
10173
10175
1018
10184
10194
10199
102
1020
10200
10202
10203
10204
10209
1021
10210
10214
10215
10216
10217
10218
1022
10220
10221
10225
10228
10229
10230
10231
10235
10238
10239
1024
10241
10242
10245
1025
10250
10251
10258
1026
10261
10262
10263
10265
10267
10268
1027
10272
10273
10274
10276
10279
1028
10281
10285
10289
1029
10291
10299
1030
10301
10302
10303
10304
10305
10310
10319
1032
10321
10322
10327
10329
1033
10339
1034
10340
10345
10347
10348
10349
1035
10350
10355
10356
10359
10365
10367
1037
10370
10373
10376
1038
10382
10383
10391
10395
10396
10397
10399
10400
10403
10404
10405
10406
10407
10408
1041
10412
10415
1042
10420
10423
10427
10428
1043
10430
10432
10433
10437
10438
10445
10449
10452
10454
10456
10457
10459
1046
10465
10466
10467
10469
10470
10472
10480
10488
10489
10492
10493
10495
1050
10502
10504
10508
10511
10513
10519
10520
10521
10523
10526
1053
10536
10537
10539
10541
10542
10545
10547
10548
10549
1055
10550
10553
10556
10557
10560
10562
10563
10567
1057
10570
10574
10575
10576
10579
1058
10582
10583
10586
10587
10588
10589
10590
10595
10598
106
1060
10603
10605
10606
1061
10612
10613
10614
10615
10617
10618
10619
1062
10620
10623
10625
10626
10630
10635
10636
10637
10639
10641
10642
10643
10645
10646
10648
10651
10653
10654
10656
10658
1066
10660
10661
10663
10665
10667
10668
10670
10672
10674
10675
10676
1068
10680
10683
10687
10688
10689
1069
10690
10696
10697
10698
10702
10706
10707
10708
10709
10713
1072
10722
10723
10726
10727
10731
10732
10735
10736
10737
10738
10739
10741
10744
10747
10749
10751
10754
10755
10760
10761
10762
10765
10766
10767
10768
10769
1077
10770
10774
10776
10778
10785
10786
10789
1079
10790
10791
10792
10795
10798
10799
1080
10800
10805
10806
10808
10809
10811
10812
10813
10816
10817
10819
1082
10821
10825
10826
10827
10829
10831
10834
10835
10836
10837
10839
10841
10843
10844
10845
10846
10848
1085
10852
10853
10854
10855
10857
10858
1086
10863
10865
10866
10867
10868
10870
10871
10872
10875
10878
10879
10881
10885
10887
1089
10893
10898
109
10901
10902
10904
10905
10908
1091
10910
10912
10913
10914
10915
10917
10919
1092
10920
10927
10928
1093
10930
10931
10932
10935
10936
10938
1094
10940
10943
10946
10955
10957
10958
10959
10966
10967
10969
1097
10970
10971
10973
10974
10975
10979
1098
10983
10984
10985
10987
10988
10989
10990
10991
10995
10996
10997
10999
11
1100
11000
11002
11003
11004
11005
11008
11009
11010
11011
11014
11019
1102
11020
11021
11023
1103
11031
11034
11035
11036
11040
11043
11044
11045
11046
11047
1105
11050
11051
11053
11057
11060
11062
11068
1107
11071
11072
11073
11075
11079
1108
11084
11087
11088
11090
11092
11093
11094
11096
11097
11098
11099
1110
11103
11106
1111
11110
11113
11117
1112
11121
11123
11125
11127
11129
1113
11130
11131
11134
11139
1114
11140
11141
11144
11145
11146
11149
11150
11153
11154
11155
11158
1116
11161
11162
11164
11166
11167
11168
11174
11177
11179
11181
11183
11184
11185
11186
11187
11188
1119
11190
11192
11193
1120
11200
11202
11208
11209
11210
11213
11215
11216
11219
11221
11224
11225
11226
11228
11229
1123
11230
11232
11235
11242
11243
11249
11251
11253
11255
11256
11259
1126
11267
11268
11269
11272
11275
1129
11292
11293
11294
11295
11297
11298
1130
11301
11303
1131
11312
11315
11320
11327
11328
11330
11332
11333
11336
11339
1134
11341
11343
11344
11346
11348
1135
11351
11352
11353
11355
11357
1136
11362
11366
1137
11374
11376
1138
11380
11383
11387
11391
1140
11409
11411
11413
11414
11415
11417
1142
11423
11427
11429
1143
11431
11436
1144
11443
11444
11454
11456
1146
11460
11461
11463
11464
11466
11468
1147
11473
11474
11478
1148
11480
11487
11488
1149
11496
115
11500
11501
11506
11508
11511
11513
11515
11518
11519
11522
11523
11529
11530
11532
11534
11535
11537
11541
11543
11544
11546
11548
11554
11564
11568
1157
11579
1158
11584
11585
11586
11589
11590
11591
11593
11596
1160
11600
11601
11605
11609
1161
11611
11614
11616
11617
11620
11621
11629
11632
11635
1164
11641
11643
11646
11648
1165
11651
11657
11658
11659
1166
11665
11669
1167
11673
11680
11682
11683
11690
11693
11699
1170
11702
11706
11707
11711
11714
11717
11718
1172
11724
11726
11727
11729
11735
11737
1174
11740
11742
11743
11744
11749
1175
11758
11764
11769
11770
11771
11772
11773
11775
11776
11777
11781
11783
11785
11786
11790
11792
11793
11796
11798
118
1180
11806
11811
11814
11816
11817
11818
11821
11822
11823
11825
11826
11827
11828
1183
11832
11835
11841
11842
11848
1185
11850
11851
11853
11854
11855
1186
11862
11866
11867
11868
11870
11871
11874
11879
1189
11890
11897
11900
11903
11904
11905
11906
1191
11911
11912
11913
11914
11920
11921
11923
11925
11927
11928
1193
11932
11937
11947
11948
11955
11956
11959
11969
1197
11973
11979
1198
11980
11985
1199
11992
11994
11999
120
1200
12005
12009
1201
12010
12011
12012
12015
12016
12019
1202
12021
12022
12023
12026
12029
1203
12035
1204
12043
12045
12049
12050
12052
12053
12054
12058
1206
12067
12068
12070
12071
12072
12074
12076
12077
12081
12085
1209
12090
12092
12093
12096
121
1210
12100
12101
12104
12105
12106
12108
12109
1211
12110
12112
12114
12117
12119
1212
12121
12127
12130
12134
12136
12138
1214
12145
12147
12149
12155
12157
12159
1216
12162
12168
1217
12170
12171
12172
12177
1218
12181
12183
12184
12187
12188
12189
1219
12191
12193
12196
12197
1220
1221
1222
1223
1225
1227
1230
1233
1235
1237
124
1241
1242
1246
1248
1249
1252
1256
1259
1261
1263
1264
1265
1268
1269
1270
1271
1273
1275
1277
1278
1280
1282
1283
1284
1285
1286
1287
1288
129
1291
1292
1293
1294
1295
1297
1298
13
130
1302
1305
1306
1308
131
1310
1311
1312
1313
1315
1316
1318
1319
132
1320
1321
1322
1326
1329
133
1331
1332
1333
1334
1336
1340
1341
1342
1343
1345
1346
1349
135
1351
1353
1354
1355
1359
136
1360
1365
1369
1371
1374
1377
1378
138
1380
1381
1382
1383
1386
1387
1389
1393
1398
14
140
1401
1403
1404
1406
1409
141
1410
1411
1415
1418
1419
1421
1422
1423
1424
1425
1426
1427
1432
1433
1434
1437
144
1440
1441
1443
1444
1446
1449
145
1450
1451
1454
1455
1461
1464
1465
1466
1467
1468
147
1474
1475
1478
148
1480
1482
1483
1484
1485
1486
149
1493
1494
1495
1496
1499
15
150
1500
1501
1502
1503
1507
1508
1510
1514
1515
1516
1518
1519
1520
1526
1528
1529
153
1530
1534
1539
154
1540
1541
1542
1543
1548
1550
1553
1555
1557
1561
1562
1564
1566
1567
1568
1570
1574
1575
1576
1578
158
1580
1581
1587
1588
1592
1594
1595
1596
1597
1598
1599
16
1600
1601
1603
1604
1605
1606
1607
1608
1612
1613
1616
1618
1619
1622
1623
1624
1625
1626
1628
163
1635
1640
1641
1642
1643
1646
1647
1649
165
1650
1652
1653
1654
1657
1658
1660
1664
1665
1668
1671
1675
1677
1680
1686
1687
1692
1695
1696
1698
1699
17
1700
1701
171
1711
1712
1718
1719
1720
1729
1730
1731
1737
1738
1739
1745
1747
1754
1756
176
1763
1764
1767
1768
177
1772
1775
1780
1781
1782
1784
1785
1786
1787
179
1791
1794
1797
1798
1799
18
1803
1804
1805
1806
1807
1808
181
1811
1812
1813
1815
1816
1818
182
1821
1823
1828
1833
1837
1838
1840
1841
1844
1847
185
1854
1858
186
1860
1864
1865
187
1871
1873
1875
1879
1884
1885
189
1892
1893
1894
19
190
1901
1902
1905
1906
1907
1910
1911
1917
1918
192
1922
1923
1928
193
1932
1933
1934
1942
1943
1949
195
1952
1957
196
1962
1964
1966
1968
1969
197
1970
1972
1973
1976
1977
198
1984
1985
1988
1989
199
1992
1993
1996
1997
1999
2
20
200
2000
2003
2006
2009
201
2010
2011
2013
2014
2015
2016
2017
202
2024
2028
203
2030
2031
2033
2034
2036
2037
2038
2039
2040
2042
2043
2046
2048
205
2050
2052
2053
2054
2055
2056
2057
2058
2059
2060
2061
2062
2063
2064
2065
2066
2068
2069
207
2075
2077
2079
208
2080
2081
2082
2084
2086
209
2091
2092
2094
2096
2098
21
210
2100
2101
2102
2104
2105
2107
2109
211
2110
2112
2113
2115
2119
2120
2121
2122
2123
2124
2125
2127
2128
213
2130
2131
2132
2134
2135
2136
2139
214
2141
2142
2143
2146
2147
2148
2150
2152
2153
2154
2155
2156
2158
216
2163
2165
2167
2168
217
2170
2172
2173
2174
2175
2178
2179
218
2180
2182
2185
2187
2188
2189
219
2190
2191
2193
2195
2199
22
220
2200
2202
2204
2207
2209
221
2210
2212
2216
2218
2219
2222
2224
2225
2228
2229
2231
2233
2236
2239
2240
2241
2242
2243
2245
2246
2247
2249
225
2250
2251
2257
2258
2259
2260
2261
2263
2264
2265
2266
2267
2268
2269
227
2270
2271
2272
2273
2274
2275
2276
2278
2279
228
2280
2281
2282
2283
2284
2286
2287
2289
229
2290
2293
2295
2297
23
2300
2301
2303
2304
2305
2306
2307
2309
2310
2311
2312
2313
2314
2315
2316
2317
2318
2320
2321
2322
2323
2324
2325
2326
2328
2329
2330
2331
2335
2336
2337
2338
2339
2341
2342
2343
2346
2347
2348
2349
235
2350
2351
2352
2353
2354
2355
2356
2357
2359
236
2360
2362
2363
2364
2365
2366
2367
237
2370
2371
2373
2374
2375
2377
2378
238
2382
2383
2384
2385
2386
2387
2388
2389
2390
2391
2392
2393
2395
2396
2397
2398
2399
24
2400
2401
2402
2403
2404
2405
2406
2407
2408
2409
241
2411
2412
2413
2414
2415
2416
2417
2418
242
2420
2421
2423
2426
2428
2429
243
2430
2431
2432
2433
2434
2436
2439
2441
2443
2444
2446
2447
2448
2449
245
2451
2452
2453
2454
2455
2456
2457
2458
2459
246
2460
2461
2462
2463
2466
2467
2469
247
2470
2471
2472
2473
2474
2475
2476
2477
2478
2479
2480
2482
2483
2484
2485
2486
2487
2488
2489
249
2492
2493
2496
2497
25
2500
2502
2503
2504
2505
2508
251
2510
2511
2514
2516
2517
2518
2520
2521
2523
2524
2527
2528
2529
2530
2531
2532
2533
2534
2535
2537
2538
2539
254
2540
2541
2542
2543
2544
2546
2547
2549
255
2550
2552
2553
2554
2555
2556
2557
2558
2559
2560
2562
2563
2565
2566
2567
2570
2571
2572
2573
2574
2575
2576
2577
2578
2579
2580
2582
2584
2585
2586
2587
2591
2592
2593
2594
2595
2596
2597
2599
26
2601
2602
2603
2604
2605
2607
2609
2610
2611
2612
2613
2614
2616
2618
2619
262
2620
2622
2624
2625
2626
2627
2628
2629
2630
2633
2635
2636
2637
2638
2640
2641
2645
2647
2648
2649
265
2651
2652
2653
2655
2656
2658
2659
266
2660
2661
2662
2663
2665
2666
2667
2668
2670
2671
2673
2674
2675
2676
2677
2678
2679
268
2684
2686
2690
2692
2694
2696
2697
2698
2699
270
2704
2706
2707
2708
2709
271
2710
2712
2713
2714
2717
2718
2719
272
2720
2721
2722
2726
2727
2728
2729
2730
2734
2737
2739
274
2740
2741
2742
2744
2745
2748
2751
2752
2756
2758
2759
276
2762
2763
2764
2767
2768
277
2770
2771
2772
2774
2776
278
2780
2783
2784
2785
2786
2787
2788
2792
2795
2798
28
280
2801
2804
2805
2806
281
2810
2811
2814
2818
2820
2821
2822
2826
2827
283
2832
2833
2834
2836
2837
2838
284
2845
2846
2848
2849
285
2850
2851
2852
2853
2855
2857
2858
2859
2861
2866
2867
2868
2869
287
2873
2875
2876
288
2882
2884
289
2890
2891
2893
2897
2899
29
2900
2902
2903
2904
291
2910
2914
2918
2920
2924
2925
2926
2927
2929
293
2930
2931
2932
2933
2935
2938
2939
2942
2944
2947
295
2950
2951
2954
2956
2957
296
2963
2965
2969
297
2971
2975
2976
2977
2978
2979
298
2980
2983
2984
2986
2988
299
2990
2992
2993
2994
2995
2996
2997
2998
2999
3
30
300
3001
3003
3004
3006
301
3010
3011
3012
3014
3015
3016
3018
3020
3022
3026
3028
3029
303
3032
3033
3035
304
3040
3042
3043
3044
3045
3046
3047
3048
3049
305
3052
3055
3056
3059
306
3063
3064
307
3070
3074
3079
308
3083
309
3090
3091
3092
3093
3095
3097
3098
3099
31
3101
3102
3103
3104
3108
3109
311
3111
3116
3117
3119
312
3121
3122
3126
3127
3128
3132
3135
3136
3139
3140
3141
3142
3143
3144
3145
3148
3152
3154
3158
3160
3163
3164
3168
3169
317
3170
3173
3174
3176
3177
3184
3185
3188
319
3191
3193
3194
32
320
3200
3207
3208
321
3211
3212
3214
3216
3219
322
3220
3224
3226
3228
3232
3233
3234
3235
3236
3237
3238
3243
3256
3257
3258
3259
326
3260
3261
3262
3264
3265
3266
3270
3272
3273
3275
3276
3277
328
3280
3281
3286
3288
3290
3292
3294
3295
33
3301
3302
3303
3304
3305
3307
3308
331
3313
3314
3319
332
3320
3323
3326
3329
333
3330
3334
3335
334
3340
3343
3348
3349
335
3352
3354
3355
3356
336
3362
3363
3365
3367
3368
3369
337
3370
3371
3372
3374
3376
3377
3378
3379
338
3380
3383
3384
3386
3388
339
3393
3394
3396
3397
3399
34
340
3402
3406
3407
341
3410
3411
3412
3414
3416
3418
3420
3422
3424
3425
3426
3429
3430
3431
3432
3433
344
3440
3443
3444
3447
3448
345
3450
3452
3453
3460
3461
3464
3467
3468
3469
347
3472
3475
3478
3480
3481
3482
3484
3486
3488
3489
349
3491
3494
3495
3503
3509
351
3513
3514
3516
3519
352
3520
3525
3526
3531
3532
3533
3538
354
3540
3543
3544
3546
3547
3548
355
3551
3552
3554
3556
3557
356
3561
3564
3567
3568
357
3571
3573
3575
3577
3579
358
3582
3583
3586
359
3591
3594
3596
36
360
3604
3605
3606
3607
3609
3612
3614
3616
3618
3619
3620
3621
3622
3624
3627
3628
3629
363
3634
3638
364
3641
3642
3646
3648
365
3650
3657
3658
3659
366
3662
3668
3669
367
3670
3673
3675
3676
3678
368
3682
3684
3685
3687
369
3690
3691
3692
3693
3696
3697
370
3703
3704
3707
371
3710
3711
3712
3718
372
3721
3722
3724
373
3731
374
3740
3749
375
3752
3753
3755
3759
376
3760
3764
3766
3767
3768
3770
3771
3778
378
3780
3781
3783
3784
3788
3789
379
3791
3793
3794
3795
3799
38
380
3801
3802
3806
381
3810
3811
3812
3816
3818
382
3820
3822
3824
3825
3827
3828
3829
383
3831
384
3840
3842
3844
3845
3848
3851
3852
3853
3857
3858
386
3860
3861
3863
3864
3865
3868
3869
387
3870
3875
3876
3877
3880
3881
3884
3885
3886
3893
3894
3897
3898
39
3900
3901
3902
3903
3904
3906
3907
3909
391
3910
3913
3914
3917
3921
3922
3925
3926
3927
3928
3931
3933
3935
3937
3939
394
3942
3943
3945
3946
3948
3949
395
3951
3954
3955
3957
3958
3959
3960
3962
3963
3964
3965
3966
3967
3968
3969
397
3970
3973
3974
3975
3979
3980
3981
3982
3983
3984
3985
3986
399
3990
3991
3992
3993
3994
3996
3997
3999
4
40
4000
4001
4004
4005
4009
401
4013
4014
4017
4018
402
4022
4024
4025
4026
4027
4028
4029
403
4031
4035
4036
4037
4039
4040
4041
4043
4046
4047
4048
405
4050
4054
4056
4057
406
4061
4062
4063
4066
4067
4068
4069
407
4070
4071
4072
4073
4075
4076
4077
4078
4079
408
4081
4085
4086
4087
4088
409
4090
4091
4092
4094
4095
4099
410
4100
4101
4102
4103
4104
4105
4106
4107
4108
411
4110
4111
4112
4113
4114
4115
4117
4118
4119
412
4126
4128
4129
4132
4134
4135
4136
4137
4141
4142
4144
4147
4148
4149
415
4150
4151
4153
4154
4156
4159
4162
4163
4164
4165
4168
4169
417
4170
4171
4172
4173
4177
4179
4182
4183
4184
4186
4189
4190
4196
420
4200
4202
4203
4204
4205
4206
421
4210
4213
4214
4216
4217
422
4221
4222
4223
4225
4227
4228
4229
423
4230
4231
4234
4236
4237
4239
424
4241
4243
4248
4249
4253
4255
4256
4257
4258
4259
426
4260
4263
4264
4265
4268
427
4272
4273
4275
4278
428
4284
4285
4290
4291
4294
4295
4298
4299
43
430
4300
4305
4306
4307
4308
4309
431
4310
4313
4315
4317
4318
432
4321
4324
4326
4329
433
4333
4338
4339
434
4340
4341
4342
4343
4344
4347
4348
4349
4350
4351
4354
4355
4357
436
4360
4361
4364
4365
4366
4368
4369
437
4370
4371
4373
4376
4377
4381
4383
4384
4385
4386
4390
4391
4392
4393
4394
4396
4399
4400
4405
4409
4412
4413
4419
4420
4422
4423
4425
4428
443
4430
4433
4434
4437
4438
444
4440
4441
4443
4444
4446
4447
4448
4449
445
4451
4452
4453
4456
4457
4458
4459
446
4464
4465
4469
447
4470
4471
4472
4474
4476
448
4482
4483
4485
4489
4491
4492
4493
4494
4495
4497
4498
45
450
4502
4504
4505
4506
4507
4509
4510
4512
4513
4514
4518
4520
4521
4524
4525
4527
453
4530
4533
4534
4536
4539
4543
4544
4545
4546
4548
4549
4550
4551
4553
4555
4557
4559
456
4560
4562
4566
4567
4568
4570
4571
4572
4575
4576
4577
4578
458
4580
4581
4584
4587
4588
4590
4593
4596
4597
4598
4599
46
4602
4604
4605
4607
461
4613
4617
4618
4619
4620
4622
4625
4627
4629
4630
4633
4634
4637
4639
464
4640
4641
4645
4647
4651
4654
4655
4659
466
4660
4666
4667
467
4670
4672
4673
4674
4676
4677
468
4682
4683
4685
4686
4687
469
4690
4691
4692
4693
4694
4695
4697
4698
4699
47
470
4701
4705
471
4711
4715
4716
4718
472
4720
4721
4722
4723
4726
473
4731
4732
4733
4734
4737
4739
474
4740
4745
4746
4747
4750
4751
4752
4755
4757
4758
476
4760
4762
4763
4764
4765
477
4770
4771
4772
4773
4777
4779
4780
4781
4783
4786
4790
4792
4793
4795
4796
4797
480
4801
4802
4803
4804
4807
4808
481
4811
4812
4816
4820
4822
4823
4824
4827
4829
483
4833
4834
4835
4836
4837
4839
484
4840
4842
4846
4848
4849
485
4854
4855
4859
486
4862
4866
487
4870
4872
4874
4876
4878
4882
4883
4884
4886
4887
489
4890
4892
4894
4895
4896
49
4905
4906
4907
491
4913
4916
4918
492
4921
4922
4924
4926
4928
4929
4931
4933
4934
4935
4937
494
4945
4949
495
4951
4955
4956
4957
496
4962
4965
4969
497
4970
4972
4975
4976
4977
4978
498
4980
4981
4982
4983
4985
499
4992
4997
4998
4999
5
50
500
5005
5009
5016
5017
5021
5023
5027
5029
503
5030
5031
5032
5036
5037
5040
5042
5043
5044
5045
5049
505
5051
5052
5055
5056
5057
5058
506
5060
5062
5065
5067
5068
5069
507
5070
5071
5082
5085
509
5091
5098
5099
51
5106
5107
5109
5113
5115
5121
5122
5124
5126
5127
5128
5129
5130
5132
5133
5135
5136
5137
5139
5140
5141
5145
5151
5154
5155
516
5160
5162
5165
5166
5167
5168
5169
517
5170
5171
5172
5173
5176
518
5180
5183
5184
5186
5189
519
5192
5193
5194
5195
5196
52
5201
521
5211
5216
5218
5219
522
5222
5223
5234
5235
5236
5238
524
5240
5241
5244
5245
525
5252
5254
5257
5258
5259
5262
5263
5264
5266
5267
5268
5269
527
5270
5274
5280
5281
5282
5283
5285
5287
5288
5291
5294
5298
5299
53
530
5302
5305
5308
531
5311
5312
5313
5314
5315
5317
5319
532
5321
5332
5333
534
535
5352
5354
5355
5357
5358
536
5362
5365
5369
537
5372
5375
5379
538
5384
5385
5387
5388
539
5393
5394
5396
54
540
5404
5415
542
5420
5421
5424
5426
5427
543
5431
5432
5434
5435
5436
5437
5439
5440
5442
5443
5446
5449
5450
5452
5453
5454
5459
5464
5467
5468
5473
5477
5478
5479
548
5480
5483
5484
549
5490
5495
5499
55
5504
5511
5516
5517
5521
5523
5526
554
5544
5549
5554
5559
556
5562
5569
557
5571
5572
5573
5575
5579
558
5584
5585
5589
5593
5595
5596
5598
5606
5607
5611
5612
5614
562
5623
5625
5626
5629
563
5631
5635
5639
5640
5646
5651
5655
5657
5658
5660
5661
5662
5663
567
5670
5672
5674
5676
5677
5679
568
5680
5683
569
5692
5694
5695
5697
5698
5699
570
5703
5705
5706
5707
5709
5710
5716
5718
572
5723
573
5733
5734
5735
5739
574
5745
5746
5749
5750
5755
5756
5757
5763
5769
577
5781
579
5793
5796
5798
5800
5801
5813
5814
5816
5823
5824
5827
5833
5836
584
5840
5844
5848
5856
5858
5861
5862
5864
5869
587
5872
5875
5877
5881
5882
5884
5885
5886
5888
5889
589
5891
5892
5893
5897
59
590
5901
5908
591
5910
5911
5915
5916
5919
592
5920
5921
5922
5927
5928
593
5932
5935
5938
5942
5946
5947
5948
595
5953
5954
5956
5957
5958
5960
5963
5966
5968
5969
5970
5979
598
5987
5989
5992
5993
5997
5998
6
60
6000
6002
6003
6009
601
6011
602
6020
6021
6023
6026
6028
6029
603
6031
6033
6034
6035
6036
6039
604
6042
6047
6048
6056
606
6063
6064
6067
6069
607
6070
6075
6076
6080
6081
6082
6084
6085
609
6091
6095
6099
610
6100
6104
6105
6107
6108
6109
611
6111
6112
6116
6117
6118
612
6121
6124
6126
6128
613
6131
6135
6136
6138
6139
614
6141
6143
6147
6148
6149
615
6151
6152
6158
616
6161
6164
6168
6169
6173
6176
6177
6182
6183
6184
6185
6186
6190
6194
6198
62
620
6200
6203
6204
6206
6208
6209
621
6210
6211
622
6223
6224
6226
6228
6229
6232
6233
6234
6236
6237
624
6241
6242
6243
6250
6255
6258
626
6261
6262
6263
6268
6269
627
6272
6275
6278
6281
6286
6297
6298
6299
63
6300
6302
6303
6304
6309
631
6313
6315
6316
632
6321
6322
6323
6326
6327
6328
633
6330
6331
6333
6337
6339
634
6340
6341
6342
6343
6346
6352
6353
6354
6355
6358
6359
636
6362
6363
6365
6368
6370
6371
6372
6375
6376
638
6382
6385
6388
6390
6391
6392
6394
6398
6399
64
640
6401
6405
641
6410
6417
642
6420
6421
6426
6427
643
6431
6432
6440
6441
6445
6446
6449
645
6450
6452
6453
6454
6456
6458
6459
6461
6463
6464
6467
6469
6471
6484
6487
6488
6489
649
6490
6492
6494
6496
650
6500
6501
6507
6509
6513
6516
6517
6519
6520
6523
6525
6526
6527
6528
6530
6533
6537
654
6542
6546
6547
6548
655
6550
6554
656
6560
6564
6566
6573
6574
6575
6576
6577
6578
6582
6587
6589
6594
6595
6598
6599
66
660
6602
6603
6605
6606
6608
6609
6611
6613
6614
6617
662
6621
6622
6624
6626
6627
6629
6631
6636
6639
664
6640
6641
6642
6643
665
6652
6653
6657
666
6660
6661
6673
6676
6684
6685
6686
6692
6696
6697
6701
6702
6704
6705
6710
6714
6715
6717
6719
672
6720
6724
6725
6729
673
6733
6734
6736
6738
6739
674
6742
6743
6746
675
6750
6756
6757
6758
676
6764
6766
6767
677
6771
6772
6774
6777
6779
678
6780
6782
6784
6785
6789
679
6793
6795
6797
6799
68
680
6801
6803
6804
6805
681
6810
6811
6812
6818
6819
6821
6823
6825
6826
6827
6829
683
6830
6831
6832
6836
684
6841
6846
685
6850
6854
6855
6856
6857
686
6862
6863
6867
687
6876
688
6882
6884
6885
6886
6888
6889
689
6890
6891
6894
6895
6896
6899
69
690
6901
6902
6906
6907
691
6910
6912
6913
6914
6915
6918
6919
6921
6922
6924
6926
6927
6928
693
6930
6932
6933
6934
6935
694
6940
6945
6947
6948
695
6952
6953
6954
6955
6956
6957
696
6960
6963
6964
6965
6966
6967
6968
6969
6970
6972
6974
6975
6976
6978
698
6980
6983
6984
6986
699
6990
6992
6993
6995
6999
7
700
7003
7004
7005
7006
7007
7008
7009
7011
7016
7017
7018
7019
7020
7022
7027
7028
703
7032
7034
7036
7037
7038
7039
7042
7044
7046
7047
7048
705
7050
7052
7056
7057
7059
7061
7063
7064
7067
7068
7070
7072
7073
7076
7081
7082
7083
7084
7085
7089
7092
7093
7095
7101
7102
7103
7104
7106
7107
711
7110
7114
7116
7118
7120
7122
7125
7126
7128
7130
7133
7134
7136
7139
714
7147
7150
7151
7152
7153
7154
7155
7157
7158
7159
7160
7161
7162
7163
7165
7170
7172
7175
7176
7177
7179
718
7180
7183
7185
7187
719
7194
7195
7196
7197
7200
7201
7206
7209
721
7210
7211
7213
7214
7216
7217
7219
722
7222
7223
7224
7225
7227
7228
7229
7235
724
7241
7242
7246
7247
7248
7249
7250
7251
7252
7254
7255
7256
7257
7258
726
7260
7261
7267
7269
7272
7276
7278
728
7281
7282
7288
7289
7290
7292
7293
7296
7298
73
7300
7302
7303
7305
7306
7309
7310
7313
7315
7316
7317
7319
732
7320
7325
7327
7328
733
7331
7333
7334
7340
7346
7347
7349
735
7350
7351
7352
7353
7356
7357
736
7360
7362
7363
7365
7366
7367
7369
737
7370
7375
738
7380
7389
739
7390
7392
7394
7396
7397
7398
7399
7400
7401
7407
7408
7409
7410
7411
7413
7415
7416
7417
7418
7419
742
7420
7422
7424
7425
7428
7430
7434
7435
7436
7437
7446
7449
7452
7453
7455
7456
7457
7458
7459
746
7460
7462
7463
7466
7467
7468
7470
7471
7472
7473
7480
7481
7482
7483
7488
7489
749
7492
7493
7494
7495
7496
7499
7502
7505
7506
7513
7514
7515
7517
752
7520
7522
7523
7525
7526
7528
7532
7533
7535
7538
7541
7543
7544
7545
7549
7551
7557
7558
7562
7563
7564
7568
7571
7572
7574
7576
7577
7579
7581
7583
7586
7589
7590
7598
7599
760
7603
7607
7608
7609
7610
7611
7612
7615
7619
7622
7625
7630
7631
7632
7633
7637
7639
764
7641
7643
7645
7647
7649
765
7650
7651
7658
766
7661
7662
7663
7664
7665
7666
7668
7669
767
7670
7671
7672
7674
7676
7678
768
7680
7681
7682
7683
7685
7686
7693
7697
7698
7699
77
770
7701
7702
7703
7705
7707
7708
7710
7713
7715
7717
7718
772
7721
7722
7723
7729
773
7730
7733
7734
7735
7738
774
7740
7744
7747
7749
775
7753
7754
7756
7757
7758
7759
7760
7761
7762
7765
7766
7767
777
7770
7771
7772
7776
778
7781
7782
7784
7786
779
7790
7793
7794
7796
7797
78
780
7801
7803
7807
7808
781
7811
7815
7818
782
7820
7822
7827
7829
783
7831
7832
7837
7839
784
7842
7843
7844
7845
785
7850
7852
7853
7854
7855
7856
7857
7859
7866
7867
787
7873
7874
7875
7877
7879
788
7880
7882
7883
7885
7886
7887
789
7891
7893
7895
7897
79
790
7902
7903
7904
7905
7907
7909
7910
7913
7915
7917
792
7921
7922
7925
7927
7928
7929
793
7930
7936
794
7940
7941
7943
7949
7959
796
7961
7963
7967
7970
7972
7973
7974
7976
7978
7980
7981
7983
7986
7987
7988
7990
7992
7993
7994
7997
80
8003
8004
8005
8007
8009
8011
8013
8014
8016
8018
8019
8021
8023
8024
8025
8026
8027
803
8030
8031
8032
8033
8034
8035
8037
8046
8048
8049
8050
8052
8053
8054
8055
8057
8058
8061
8062
8065
8066
8067
8069
807
8070
8071
8073
8075
8077
8078
8081
8084
8086
8091
8092
8093
8094
8095
8096
8098
81
8102
8107
8109
811
8112
8117
8119
812
8121
8125
8126
8128
8129
8132
8133
8134
8136
8138
8140
8141
8143
8144
8145
8148
8150
8151
8154
8156
8158
8160
8161
8164
8165
8166
8168
8169
8170
8171
8172
8173
8174
8175
8176
8177
8178
8182
8185
8186
8188
8189
8191
8192
8193
8194
8195
8198
8199
82
820
8201
8204
8206
8207
8208
821
8211
8212
8213
8214
8215
8217
8218
8220
8221
8223
8225
8226
8230
8231
8234
8238
8239
824
8241
8244
8245
8247
8248
8249
8250
8253
8257
8258
8259
8261
8263
8264
8265
8266
8267
8268
8270
8273
8274
8275
8276
8277
8278
8279
8282
8290
8291
8295
8296
8299
83
8300
8301
8302
8303
8304
8305
8306
8308
8309
8310
8314
8316
8317
8319
832
8321
8322
8325
8326
8327
8328
8330
8331
8333
8334
8335
8336
8337
8338
8342
8346
8347
8350
8353
8355
8357
8359
8365
8366
8367
8368
8369
837
8371
8374
8376
8378
8379
838
8380
8383
8385
8386
8387
839
8394
8395
8397
840
8400
8401
8402
8403
8406
8407
8408
841
8412
8413
8417
8418
842
8420
8422
8424
8425
8426
8427
8433
8434
8435
8436
8437
8439
844
8440
8441
8442
8444
8445
8447
845
8450
8454
8455
8456
8457
8458
8459
8462
8464
8466
8467
847
8472
8474
8475
8476
8477
8478
848
8482
8488
8489
849
8496
8498
8499
8500
8502
8503
8504
8505
8506
8507
8508
8509
851
8510
8511
8512
8515
8516
8517
8518
8519
8520
8521
8522
8524
8525
8526
8527
853
8530
8531
8535
8536
8538
854
8542
8543
8546
8547
8548
8549
8550
8551
8555
8556
8557
8558
8559
856
8561
8566
8567
8568
8569
857
8571
8573
8578
8579
8581
8582
8583
8585
8586
8587
8588
859
8590
8591
8593
8595
8597
86
860
8602
8603
8604
8605
8608
861
8610
8612
8613
8615
862
8620
8623
8624
8625
8632
8634
8636
8638
8641
8643
8647
8648
865
8653
8654
8657
8660
8664
8665
8666
867
8671
8672
8673
8674
8676
8678
8679
868
8680
8681
8682
8685
8686
869
8691
8692
8695
8696
8698
87
8708
8715
8717
8719
872
8723
8726
8728
8730
8732
8733
8734
8736
8737
8738
8739
8740
8743
8744
8747
8748
8749
8750
8753
8755
8756
876
8761
8762
8764
8767
8768
8770
8771
8774
8778
8785
8787
8788
8789
879
8790
8791
8792
8795
8796
8797
8798
8800
8803
8804
8805
8808
8809
8810
8811
8812
8813
8814
8817
8819
8820
8824
8825
8826
8829
883
8832
8834
8835
8836
8838
8841
8843
8845
8847
8849
885
8851
8856
8857
8859
886
8861
8862
8866
8869
8872
8873
8875
8876
8877
8878
8882
8884
8885
8886
8888
889
8890
8891
8892
8893
8898
89
8908
8912
8913
8919
892
8920
8922
8923
8925
8927
8928
893
8930
8932
8933
8935
8936
8937
894
8941
8943
8944
8946
8948
8949
895
8953
8954
8956
8957
8959
896
8960
8962
8963
8964
8965
8968
8969
897
8970
8971
8977
8979
898
8983
8986
8987
8988
899
8990
8993
8994
8995
8996
8999
9
900
9002
9006
9007
9008
9009
901
9013
9014
9017
9019
9021
9022
9023
9027
9029
903
9033
9034
9035
9036
9037
904
9040
9041
9042
9043
9044
9045
9047
905
9050
9051
9052
9053
9056
9060
9061
9066
9067
907
9075
9077
9078
908
9080
9084
9087
9089
909
9091
9092
9093
9095
9097
91
910
9101
9102
9105
9106
9108
911
9111
9112
9113
9114
9115
9117
912
9120
9123
9124
9125
9126
9127
913
9130
9131
9132
9133
9134
9135
9137
9138
9139
914
9141
9143
9144
9145
9146
9147
9148
9150
9151
9152
9154
9156
9157
9159
916
9160
9162
9163
9164
9165
9166
9167
9169
9171
9172
9173
9175
918
9181
9184
9186
9188
9190
9192
9193
9194
9196
9198
9199
92
9201
9202
9206
9207
9208
9211
9216
9217
9218
9219
922
9220
9222
9223
9224
9225
9226
9227
9228
923
9230
9233
9235
9236
9237
9238
9242
9247
9249
925
9251
9253
9254
9255
9257
9260
9263
9265
9266
9267
9268
9269
9270
9273
9274
9276
9277
9279
928
9280
9281
9282
9283
9284
9289
9291
9292
9293
9294
9295
9302
9303
9307
9308
931
9311
9312
9315
9316
9321
9325
9326
9330
9333
9335
9337
9339
9341
9342
9343
9344
9346
9347
9348
9349
935
9351
9352
9355
9356
9358
9360
9361
9369
9370
9373
9374
9376
938
9380
9385
9387
9388
9391
9392
9393
9394
9396
9401
9402
9404
9413
9416
9417
9418
9420
9422
9423
9427
9429
943
9430
9431
9432
9434
9435
9436
9437
9438
944
9440
9441
9446
9447
9448
9449
945
9450
9452
9457
9458
9459
9463
947
9470
9474
9475
9476
9477
9479
9481
9484
9485
9488
9490
9491
9493
9495
9496
9498
95
9505
9511
9512
9515
9516
9518
9519
952
9522
9523
9524
9525
9526
9528
953
9531
9532
9533
9535
9536
9537
954
9542
9543
9546
955
9553
9554
9558
956
9561
9564
9568
9569
9570
9574
9575
9578
958
9580
9582
9583
9592
9597
9598
9599
96
960
9601
9604
9610
9612
9613
9614
9616
9617
9618
962
9620
9621
9625
9626
9628
9629
9630
9632
9635
9639
9640
9642
9643
965
9651
9653
9655
9658
966
967
9670
9671
9672
9678
9682
9685
9687
9689
9693
9694
9695
9696
9698
9699
97
9700
9705
9706
971
9714
9716
9718
9719
972
9722
9724
9725
973
9730
9731
9732
9733
9737
9738
974
9740
9743
9745
9748
9749
9750
9751
9752
9756
9758
9759
976
9761
9762
9763
9764
977
9770
9771
9776
9778
9779
9781
9784
9785
9789
9790
9791
9792
9793
9795
9797
98
980
9803
9805
9806
9807
9809
981
9810
9817
982
9820
9824
9826
9827
9828
9829
983
9832
9834
9836
9838
9845
9849
985
9854
9858
9863
9868
987
9870
9872
9874
9875
9877
9878
9883
9884
9888
989
9894
9895
9897
99
9904
9908
9912
9916
9917
9918
992
9925
9927
994
9942
9943
9947
995
9950
9954
9961
9965
9967
9969
997
9974
9975
9977
9978
9984
999
9992
9994
