10000
10001
10005
10006
10009
10010
10012
10015
10016
10020
10021
10023
10027
10030
10031
10033
10038
10040
10041
10042
10043
10044
10046
10047
10049
10050
10051
10054
10056
10057
10058
10059
10060
10061
10062
10064
10066
10069
10071
10072
10074
10075
10080
10081
10083
10085
10086
10087
10088
10092
10093
10095
10096
10098
10100
10101
10103
10104
10106
10108
10109
10110
10111
10112
10115
10117
10124
10127
10128
10130
10131
10132
10133
10134
10135
10138
10140
10144
10145
10147
10148
10149
10150
10151
10153
10157
10160
10161
10162
10163
10164
10168
10170
10171
10174
10176
10179
10180
10183
10185
10186
10187
10190
10191
10192
10193
10194
10195
10196
10197
10198
10199
10201
10205
10208
10209
10210
10211
10212
10214
10215
10217
10218
10224
10226
10227
10229
10231
10233
10235
10236
10240
10241
10246
10248
10249
10251
10252
10253
10254
10256
10257
10258
10259
10260
10264
10266
10269
10270
10273
10274
10275
10278
10280
10282
10286
10289
10290
10291
10292
10293
10295
10296
10297
10299
10300
10301
10302
10305
10306
10308
10311
10313
10314
10317
10319
10320
10324
10325
10326
10329
10332
10333
10334
10335
10338
10340
10342
10343
10344
10349
10351
10352
10354
10356
10358
10360
10366
10369
10370
10371
10372
10374
10375
10377
10381
10384
10388
10392
10393
10396
10398
10401
10402
10403
10404
10405
10409
10411
10413
10414
10418
10421
10422
10423
10424
10427
10428
10429
10434
10435
10436
10437
10438
10440
10441
10443
10446
10447
10448
10450
10451
10452
10453
10454
10455
10457
10458
10460
10461
10462
10463
10464
10465
10466
10467
10471
10473
10474
10475
10476
10477
10478
10480
10482
10487
10488
10489
10490
10491
10492
10493
10494
10495
10496
10497
10498
10499
10500
10503
10505
10506
10508
10509
10510
10511
10512
10513
10514
10515
10516
10517
10519
10520
10522
10524
10525
10527
10528
10529
10530
10531
10532
10534
10535
10536
10537
10538
10540
10542
10543
10544
10548
10549
10551
10552
10554
10555
10558
10559
10560
10561
10562
10564
10565
10566
10568
10569
10570
10571
10573
10574
10576
10577
10578
10581
10584
10585
10588
10589
10591
10592
10593
10594
10595
10596
10598
10599
10600
10601
10602
10604
10605
10606
10607
10609
10610
10611
10613
10614
10615
10617
10619
10623
10624
10625
10632
10637
10638
10639
10640
10643
10648
10649
10650
10652
10655
10658
10659
10662
10664
10666
10667
10669
10670
10671
10674
10675
10679
10681
10683
10684
10685
10686
10690
10694
10695
10699
10704
10705
10706
10707
10709
10710
10711
10712
10714
10715
10720
10722
10723
10725
10726
10727
10729
10730
10731
10733
10734
10737
10739
10740
10741
10742
10743
10746
10749
10750
10752
10758
10759
10760
10761
10763
10765
10770
10773
10777
10778
10779
10780
10781
10782
10784
10787
10788
10789
10793
10794
10795
10796
10797
10798
10802
10807
10811
10816
10817
10820
10821
10822
10823
10824
10825
10826
10827
10830
10835
10837
10838
10840
10842
10843
10844
10845
10846
10848
10850
10852
10853
10856
10861
10863
10864
10867
10873
10874
10875
10876
10877
10879
10882
10884
10886
10889
10890
10891
10894
10895
10896
10898
10901
10906
10908
10909
10911
10916
10920
10921
10922
10924
10926
10928
10929
10935
10936
10937
10938
10940
10943
10944
10947
10949
10952
10955
10958
10959
10961
10962
10963
10964
10965
10966
10967
10968
10972
10974
10978
10981
10982
10983
10987
10989
10992
10993
10997
10998
11000
11001
11004
11006
11007
11008
11009
11010
11014
11015
11016
11017
11021
11022
11024
11026
11028
11030
11031
11036
11038
11042
11043
11044
11048
11049
11050
11051
11052
11054
11057
11062
11063
11065
11066
11067
11068
11071
11072
11074
11075
11077
11079
11080
11083
11084
11090
11091
11094
11098
11100
11104
11106
11107
11108
11110
11111
11113
11115
11118
11119
11120
11122
11124
11126
11127
11128
11129
11132
11133
11135
11137
11139
11142
11143
11144
11146
11148
11150
11151
11156
11157
11159
11160
11163
11166
11167
11169
11170
11172
11173
11175
11176
11178
11181
11182
11183
11188
11189
11191
11193
11195
11196
11197
11198
11199
11200
11203
11204
11205
11206
11208
11212
11214
11215
11216
11217
11219
11221
11223
11227
11231
11236
11238
11239
11242
11243
11244
11246
11247
11248
11250
11253
11254
11256
11258
11260
11261
11262
11264
11265
11266
11267
11268
11269
11270
11273
11274
11277
11279
11281
11282
11283
11284
11285
11286
11288
11289
11290
11291
11292
11296
11299
11300
11301
11302
11303
11304
11305
11308
11309
11310
11311
11312
11313
11314
11316
11318
11319
11321
11322
11323
11324
11325
11326
11328
11329
11331
11333
11334
11335
11337
11338
11339
11341
11342
11343
11344
11345
11346
11347
11348
11349
11350
11354
11356
11357
11358
11359
11360
11362
11363
11364
11367
11369
11370
11371
11373
11375
11377
11381
11382
11383
11384
11385
11386
11387
11388
11389
11390
11391
11394
11396
11397
11398
11399
11400
11403
11404
11405
11406
11407
11408
11409
11410
11412
11414
11416
11418
11419
11420
11421
11422
11424
11425
11426
11427
11428
11432
11433
11434
11435
11437
11438
11439
11440
11441
11442
11443
11445
11447
11449
11450
11456
11458
11459
11460
11462
11463
11465
11466
11467
11469
11470
11473
11474
11478
11479
11482
11485
11486
11488
11491
11492
11493
11496
11497
11502
11503
11504
11505
11506
11507
11515
11516
11517
11519
11521
11522
11524
11525
11526
11527
11528
11529
11531
11533
11535
11536
11539
11540
11541
11544
11546
11547
11550
11551
11552
11553
11554
11558
11562
11565
11566
11567
11569
11571
11573
11574
11576
11578
11579
11580
11582
11583
11587
11590
11592
11593
11594
11595
11597
11598
11602
11604
11606
11607
11612
11613
11615
11619
11620
11621
11623
11624
11628
11630
11631
11632
11636
11637
11638
11639
11640
11641
11642
11643
11644
11645
11647
11648
11649
11650
11651
11652
11656
11657
11660
11661
11662
11663
11664
11666
11669
11670
11671
11674
11675
11676
11677
11679
11681
11684
11686
11687
11689
11691
11692
11693
11694
11695
11696
11698
11699
11700
11701
11702
11703
11705
11707
11709
11710
11711
11712
11713
11714
11715
11717
11718
11725
11726
11727
11728
11729
11730
11732
11733
11734
11735
11736
11738
11739
11741
11742
11745
11746
11747
11748
11749
11750
11751
11752
11754
11756
11757
11758
11760
11762
11764
11765
11767
11768
11774
11779
11780
11781
11786
11788
11789
11790
11792
11793
11794
11795
11796
11797
11799
11800
11801
11802
11803
11804
11805
11806
11807
11809
11810
11811
11813
11815
11816
11820
11822
11823
11827
11828
11829
11830
11831
11834
11836
11837
11839
11840
11842
11843
11844
11845
11846
11847
11849
11852
11853
11856
11858
11859
11860
11861
11863
11865
11867
11871
11872
11873
11874
11875
11876
11878
11880
11881
11882
11884
11885
11886
11887
11888
11890
11891
11892
11893
11895
11896
11898
11900
11902
11906
11909
11910
11911
11912
11914
11915
11917
11922
11924
11926
11929
11930
11932
11933
11935
11936
11938
11939
11940
11941
11942
11943
11944
11946
11949
11950
11951
11954
11956
11958
11961
11962
11963
11964
11965
11966
11967
11968
11970
11971
11972
11974
11975
11976
11978
11980
11981
11983
11984
11986
11987
11989
11990
11991
11993
11996
11997
11998
12000
12001
12002
12004
12006
12007
12008
12009
12013
12014
12015
12016
12017
12018
12022
12025
12026
12027
12028
12030
12031
12032
12033
12034
12038
12039
12040
12042
12043
12046
12047
12048
12050
12051
12052
12056
12057
12060
12063
12064
12065
12067
12068
12069
12070
12076
12077
12078
12079
12080
12082
12083
12084
12086
12088
12089
12090
12091
12093
12094
12097
12098
12100
12101
12102
12103
12105
12107
12108
12110
12111
12113
12114
12115
12116
12118
12120
12122
12126
12127
12128
12129
12131
12134
12135
12137
12138
12140
12141
12142
12144
12147
12149
12151
12152
12153
12154
12156
12158
12160
12161
12163
12164
12165
12167
12168
12169
12171
12173
12174
12175
12177
12178
12180
12181
12184
12186
12189
12190
12192
12193
12194
12195
1529
1586
1638
1639
1644
1689
1908
1961
1963
1965
2049
2212
2226
2509
3859
3868
3869
3889
3890
3916
3920
3926
3932
3938
3960
4019
4057
4065
4087
4093
4098
4120
4131
4145
4174
4181
4185
4189
4208
4217
4221
4240
4269
4305
4322
4325
4351
4364
4367
4399
4410
4426
4469
4476
4500
4511
4512
4522
4526
4556
4565
4573
4589
4603
4604
4632
4635
4639
4659
4669
4675
4687
4733
4753
4757
4764
4772
4778
4784
4787
4797
4798
4799
4809
4814
4822
4826
4827
4831
4859
4872
4875
4877
4881
4888
4899
4903
4908
4936
4940
4944
4993
5001
5007
5010
5043
5045
5053
5061
5076
5078
5080
5084
5091
5092
5106
5107
5110
5117
5118
5129
5131
5149
5150
5158
5159
5160
5162
5168
5169
5175
5180
5181
5185
5189
5190
5200
5203
5204
5209
5213
5221
5226
5227
5236
5241
5242
5243
5250
5251
5252
5254
5255
5256
5259
5262
5265
5271
5275
5292
5293
5296
5304
5306
5311
5315
5317
5320
5324
5326
5327
5330
5332
5334
5337
5339
5341
5344
5345
5346
5347
5349
5356
5357
5358
5364
5366
5368
5374
5379
5381
5387
5388
5390
5395
5399
5401
5403
5405
5408
5409
5412
5413
5419
5427
5429
5430
5435
5438
5444
5445
5447
5450
5459
5461
5466
5469
5471
5472
5475
5484
5485
5487
5491
5492
5494
5495
5496
5498
5501
5503
5507
5509
5512
5513
5518
5522
5525
5526
5528
5529
5530
5531
5534
5540
5542
5547
5548
5552
5560
5562
5563
5566
5569
5572
5575
5576
5577
5581
5583
5586
5588
5590
5591
5594
5600
5601
5605
5608
5610
5613
5615
5616
5621
5622
5623
5624
5626
5630
5635
5636
5637
5647
5649
5650
5651
5652
5656
5664
5666
5667
5668
5669
5671
5673
5675
5676
5677
5678
5680
5681
5682
5684
5685
5686
5687
5689
5691
5694
5695
5697
5701
5702
5703
5708
5710
5713
5717
5718
5720
5721
5722
5723
5725
5726
5728
5729
5730
5731
5736
5740
5741
5742
5743
5744
5748
5753
5754
5755
5757
5759
5767
5770
5772
5774
5775
5776
5777
5780
5783
5785
5788
5791
5792
5794
5795
5798
5799
5802
5804
5805
5806
5807
5808
5809
5817
5819
5820
5821
5822
5826
5828
5829
5832
5835
5836
5837
5838
5840
5841
5842
5844
5845
5847
5850
5851
5852
5853
5854
5855
5857
5858
5862
5863
5865
5866
5867
5868
5869
5871
5873
5874
5876
5877
5878
5882
5890
5894
5895
5898
5901
5902
5903
5904
5905
5906
5907
5910
5913
5915
5921
5929
5930
5931
5933
5934
5937
5939
5940
5943
5944
5945
5949
5952
5954
5956
5958
5959
5960
5961
5962
5964
5965
5971
5974
5975
5977
5978
5979
5981
5982
5983
5984
5988
5990
5994
5997
5999
6005
6006
6007
6010
6012
6013
6017
6018
6021
6022
6025
6026
6029
6030
6032
6035
6037
6040
6041
6042
6043
6044
6045
6046
6047
6049
6050
6053
6055
6058
6060
6064
6068
6071
6072
6073
6075
6076
6077
6078
6079
6082
6087
6089
6097
6101
6103
6106
6108
6112
6113
6114
6115
6116
6119
6120
6124
6127
6130
6131
6133
6137
6140
6142
6143
6144
6145
6147
6150
6151
6155
6157
6158
6159
6160
6164
6165
6166
6167
6169
6170
6171
6175
6178
6179
6181
6184
6188
6189
6191
6192
6193
6194
6196
6197
6199
6200
6201
6202
6208
6211
6212
6216
6218
6220
6222
6225
6227
6228
6233
6235
6236
6238
6240
6241
6243
6244
6246
6252
6256
6257
6259
6260
6264
6265
6266
6267
6270
6272
6274
628
6280
6281
6284
6285
6286
6287
6288
6292
6294
6298
6300
6306
6308
6310
6311
6314
6315
6316
6318
6320
6323
6324
6325
6329
6330
6332
6334
6337
6345
6347
6348
6351
6355
6356
6358
6361
6362
6366
6369
6370
6372
6373
6374
6378
6380
6381
6384
6386
6389
6390
6393
6396
6397
6400
6401
6402
6403
6404
6405
6408
6412
6415
6418
6419
6420
6421
6425
6426
6435
6436
6437
6439
6441
6442
6443
6444
6445
6447
6448
6450
6452
6460
6461
6464
6465
647
6470
6471
6472
6473
6475
6476
6479
6481
6484
6485
6486
6489
6491
6493
6497
6501
6506
6507
6508
6511
6512
6517
6522
6527
6529
6531
6532
6534
6536
6538
6540
6541
6542
6543
6546
6547
6548
6549
6551
6552
6555
6559
6560
6562
6563
6564
6565
6566
6570
6571
6572
6575
6578
6580
6586
6588
6589
6593
6596
6598
6601
6602
6604
6605
6610
6611
6612
6615
6616
6617
6618
6623
6624
6625
6628
6630
6634
6635
6636
6637
6643
6644
6646
6651
6653
6656
6658
6659
6662
6665
6667
6668
6669
6670
6672
6674
6677
6678
6681
6682
6686
6687
6688
6694
6696
6698
6700
6707
6711
6713
6715
6718
6719
6722
6726
6730
6731
6732
6733
6735
6740
6747
6748
6749
6752
6754
6755
6758
6759
6760
6762
6763
6770
6771
6772
6775
6778
6779
6781
6783
6787
6788
6791
6792
6794
6798
6799
6801
6804
6806
6807
6809
6814
6817
6820
6821
6822
6825
6827
6833
6834
6835
6836
6837
6840
6841
6842
6843
6844
6845
6848
6849
6851
6852
6853
6854
6856
6857
6858
6859
6860
6861
6864
6865
6866
6868
6871
6872
6873
6874
6877
6878
6880
6883
6886
6889
6890
6893
6895
6896
6898
6902
6906
6907
6915
6916
6920
6922
6924
6926
6928
6930
6931
6936
6937
6939
6940
6942
6943
6944
6946
6956
6958
6961
6963
6971
6972
6977
6979
6981
6982
6985
6986
6987
6988
6989
6993
6996
6998
7001
7008
7010
7013
7016
7019
7020
7023
7025
7026
7031
7036
7039
7040
7041
7043
7049
7051
7053
7054
7055
7060
7065
7066
7067
7070
7071
7072
7074
7075
7077
7080
7082
7084
7092
7094
7096
7099
7100
7101
7105
711
7110
7113
7114
7117
7120
7123
7129
7131
7132
7133
7134
7135
7137
7138
7141
7142
7144
7145
7146
7148
7149
7150
7151
7154
7156
7163
7164
7167
7173
7174
7180
7181
7186
7189
7192
7193
7195
7196
7201
7202
7203
7204
7207
7208
7214
7215
7216
7218
7219
7220
7230
7234
7235
7236
7237
7238
7239
7240
7241
7242
7243
7244
7245
7248
7250
7252
7253
7255
7261
7262
7263
7264
7265
7266
7268
7271
7276
7277
7280
7283
7285
7286
7291
7293
7300
7306
7308
7311
7316
7323
7324
7325
7326
7332
7335
7339
7342
7343
7345
7351
7353
7354
7356
7361
7365
7371
7372
7375
7376
7377
7379
7382
7384
7386
7390
7391
7392
7395
7396
7402
7403
7405
7407
7408
7409
7410
7412
7415
7416
7421
7423
7428
7433
7434
7437
7438
7439
7440
7441
7442
7443
7445
7448
7452
7455
7464
7467
7468
7470
7475
7476
7479
7484
7485
7486
7487
7490
7491
7492
7497
7500
7506
7508
7510
7512
7518
7521
7522
7523
7525
7527
7529
7530
7531
7532
7534
7539
7540
7542
7545
7546
7547
7549
7552
7553
7555
7556
7560
7564
7566
7570
7573
7574
7577
7579
7580
7582
7584
7586
7587
7588
7591
7593
7597
7598
7599
7601
7606
7608
7609
7613
7617
7620
7621
7624
7625
7626
7628
7634
7635
7640
7648
7652
7653
7654
7656
7657
7659
7660
7665
7666
7667
7672
7677
7679
7687
7688
7692
7693
7695
7696
7700
7704
7709
7710
7712
7714
7715
7716
7728
7730
7731
7733
7735
7739
7742
7745
7747
7752
7755
7758
7760
7766
7768
7769
7771
7775
7777
7779
7781
7788
7789
7791
7798
7799
7803
7804
7808
7809
7810
7812
7815
7817
7819
7823
7824
7825
7826
7828
7831
7832
7833
7834
7838
7840
7850
7851
7855
7857
7858
7860
7861
7863
7865
7866
7868
7869
7870
7871
7872
7877
7878
7881
7884
7888
7890
7892
7894
7895
7896
7901
7906
7907
7909
7911
7916
7920
7923
7926
7930
7931
7932
7933
7934
7935
7936
7937
7942
7944
7947
7948
7950
7951
7953
7954
7964
7965
7968
7971
7972
7974
7984
7985
7987
7990
7991
7995
7999
8000
8001
8004
8005
8006
8007
8008
8011
8012
8013
8015
8017
8020
8021
8024
8025
8031
8036
8038
8039
8041
8042
8043
8044
8045
8047
8054
8055
8059
8062
8063
8065
8067
8074
8076
8081
8083
8085
8086
8087
8088
8091
8094
8095
8097
8098
8099
8102
8103
8104
8108
8111
8112
8123
8124
8127
8130
8134
8135
8142
8146
8147
8149
8151
8152
8153
8154
8156
8157
8158
8159
8162
8169
8174
8175
8179
8181
8183
8185
8191
8192
8193
8197
8199
8200
8204
8206
8207
8209
8210
8211
8215
8216
8222
8223
8226
8227
8229
8233
8235
8237
8242
8245
8246
8248
8250
8251
8255
8259
8261
8262
8268
8269
8270
8272
8273
8275
8276
8284
8286
8287
8289
8290
8293
8296
8302
8307
8309
8312
8320
8321
8323
8329
8332
8335
8336
8338
8343
8344
8345
8347
8348
8349
8350
8352
8356
8360
8361
8372
8374
8375
8376
8377
8379
8380
8381
8383
8384
8390
8392
8396
8398
8399
8404
8405
8407
8409
8412
8414
8423
8430
8431
8432
8434
8435
8437
8440
8443
8449
8452
8460
8461
8465
8466
8468
8469
8471
8480
8485
8488
8491
8493
8494
8497
8498
8499
8501
8503
8504
8505
8513
8520
8522
8523
8530
8531
8532
8534
8537
8538
8539
8541
8544
8545
8553
8554
8555
8560
8562
8563
8565
8566
8567
8570
8571
8572
8573
8574
8577
8580
8581
8589
8594
8599
8600
8604
8606
8609
8611
8614
8619
8621
8627
8628
8631
8633
8635
8636
8639
8642
8646
8647
8650
8652
8654
8658
8659
8661
8664
8666
8667
8668
8669
8671
8677
8678
8679
8681
8683
8684
8689
8692
8693
8696
8697
8698
8699
8704
8705
8710
8713
8714
8716
8717
8718
8721
8723
8724
8725
8726
8727
8732
8735
8737
8738
8741
8742
8748
8750
8751
8756
8758
8759
8760
8762
8763
8764
8765
8766
8772
8775
8777
8778
8780
8781
8785
8786
8789
8792
8793
8799
8801
8802
8803
8808
8809
8811
8817
8819
8820
8821
8822
8823
8824
8828
8830
8833
8834
8835
8839
8840
8842
8843
8848
8850
8853
8856
8857
8860
8861
8862
8867
8870
8873
8874
8875
8879
8880
8881
8882
8883
8889
8891
8894
8902
8903
8906
8909
8916
8918
8920
8922
8923
8929
8931
8933
8937
8938
8940
8941
8942
8943
8945
8950
8952
8955
8958
8959
8960
8961
8962
8964
8966
8967
8970
8974
8975
8981
8983
8984
8985
8989
8991
8992
8995
8996
8998
8999
9000
9003
9004
9005
9008
9010
9016
9018
9019
9020
9028
9030
9031
9032
9038
9043
9044
9046
9047
9058
9059
9062
9063
9064
9065
9069
9071
9072
9075
9076
9078
9081
9082
9083
9085
9086
9088
9089
9093
9095
9096
9098
9099
9100
9106
9110
9114
9115
9117
9118
9119
9120
9121
9125
9130
9134
9135
9136
9137
9140
9142
9145
9154
9155
9156
9157
9158
9161
9164
9167
9169
9172
9174
9175
9177
9180
9181
9184
9185
9187
9188
9190
9191
9192
9194
9195
9198
9203
9206
9207
9210
9212
9215
9218
9222
9226
9229
9231
9232
9233
9235
9238
9240
9245
9247
9250
9254
9261
9262
9264
9268
9277
9278
9282
9288
9289
9290
9297
9299
9305
9309
9313
9315
9317
9318
9321
9325
9327
9328
9329
9331
9332
9338
9340
9341
9345
9350
9353
9354
9357
9359
9362
9364
9368
9371
9373
9379
9380
9381
9382
9383
9384
9386
9389
9397
9400
9401
9402
9404
9406
9410
9413
9418
9419
9420
9427
9428
9429
9430
9433
9440
9442
9446
9451
9453
9460
9462
9465
9468
9469
9471
9472
9474
9479
9480
9485
9494
9496
9497
9499
9500
9501
9502
9503
9504
9506
9508
9509
9512
9513
9514
9515
9517
9519
9520
9524
9528
9530
9531
9535
9536
9537
9539
9541
9544
9545
9548
9549
9552
9556
9557
9559
9562
9563
9565
9567
9570
9571
9575
9576
9578
9580
9581
9584
9588
9589
9591
9592
9593
9595
9596
9597
9604
9605
9606
9607
9608
9609
9619
9622
9627
9628
9630
9632
9636
9637
9638
9644
9646
9647
9648
9650
9654
9656
9657
9658
9660
9661
9666
9668
9669
9671
9675
9677
9679
9680
9681
9683
9684
9685
9686
9691
9692
9693
9694
9695
9698
9703
9704
9707
9709
9710
9712
9720
9721
9723
9726
9727
9728
9729
9732
9733
9734
9735
9736
9739
9740
9741
9745
9746
9747
9749
9753
9754
9756
9762
9764
9765
9766
9767
9775
9777
9778
9781
9782
9783
9786
9791
9792
9798
9804
9805
9812
9815
9816
9818
9821
9825
9829
9833
9837
9838
9840
9841
9843
9845
9846
9848
9850
9852
9853
9854
9855
9856
9857
9858
9859
9860
9861
9865
9867
9868
9869
9870
9871
9873
9874
9875
9876
9880
9881
9884
9888
9889
9891
9892
9893
9895
9896
9898
9899
9902
9903
9904
9905
9906
9907
9908
9909
9911
9913
9914
9915
9916
9920
9926
9927
9928
9930
9932
9934
9936
9937
9939
9941
9943
9944
9945
9948
9949
9951
9952
9953
9955
9956
9957
9958
9959
9960
9962
9965
9966
9967
9970
9972
9973
9978
9979
9980
9981
9982
9983
9987
9988
9989
9991
9993
9994
9995
9997
9998
9999
